15 15
29 28 27 26 25 24 23 22 21 20 19 18 17 16 15
28 27 26 25 24 23 22 21 20 19 18 17 16 15 14
27 26 25 24 23 22 21 20 19 18 17 16 15 14 13
26 25 24 23 22 21 20 19 18 17 16 15 14 13 12
25 24 23 22 21 20 19 18 17 16 15 14 13 12 11
24 23 22 21 20 19 18 17 16 15 14 13 12 11 10
23 22 21 20 19 18 17 16 15 14 13 12 11 10 9
22 21 20 19 18 17 16 15 14 13 12 11 10 9 8
21 20 19 18 17 16 15 14 13 12 11 10 9 8 7
20 19 18 17 16 15 14 13 12 11 10 9 8 7 6
19 18 17 16 15 14 13 12 11 10 9 8 7 6 5
18 17 16 15 14 13 12 11 10 9 8 7 6 5 4
17 16 15 14 13 12 11 10 9 8 7 6 5 4 3
16 15 14 13 12 11 10 9 8 7 6 5 4 3 2
15 14 13 12 11 10 9 8 7 6 5 4 3 2 1